600
77574
500
77106
500
76922
600
76746
600
76662
600
76546
600
76442
500
76318
500
76118
500
75958
500
75834
500
75714
500
75614
700
75514
700
75322
700
75146
700
75022
700
74906
700
74782
700
74690
600
74518
500
74330
500
74106
500
73990
500
73878
600
73762
600
73542
500
73382
600
73254
600
73206
600
73098
500
72890
500
72670
500
72518
500
72398
500
72342
600
72230
600
72098
500
71990
600
71774
500
71626
500
71510
500
71458
500
71330
500
71230
600
71130
500
70918
600
70726
600
70618
600
70562
600
70458
600
70362
500
70214
500
69986
500
69834
600
69738
500
69666
600
69566
500
69342
500
69126
500
68942
500
68838
500
68774
600
68678
500
68558
700
68474
500
68230
500
68054
600
67950
700
67858
600
67726
500
67486
500
67286
500
67094
500
66986
500
66882
500
66710
400
66566
400
66458
400
66338
400
66286
400
66186
400
66126
400
66022
400
65914
400
65850
400
65742
400
65690
400
65574
600
65446
600
65374
600
65218
500
64986
500
64774
500
64678
500
64582
500
64386
500
64206
500
64002
500
63910
500
63814
500
63638
500
63438
500
63258
500
63158
500
63042
500
62886
500
62682
500
62486
500
62406
500
62310
500
62126
500
61914
500
61710
500
61602
500
61510
500
61358
500
61126
500
60954
500
60834
500
60742
500
60550
500
60326
500
60154
500
60046
500
59938
500
59758
500
59582
700
59382
500
59270
500
59066
500
58846
500
58746
500
58662
500
58442
700
58250
500
58038
500
57850
500
57754
500
57658
500
57466
500
57274
500
57082
500
56982
500
56866
700
56698
500
56486
500
56278
500
56194
500
56110
500
55918
500
55734
500
55558
500
55462
500
55366
500
55182
700
55170
500
54962
500
54778
500
54666
500
54586
500
54374
500
54182
500
54002
500
53902
500
53782
700
53778
500
53582
600
53422
600
53254
600
53158
600
53042
500
52858
500
52654
500
52506
500
52386
500
52270
500
52154
600
52138
500
51946
500
51786
500
51650
500
51534
600
51430
500
51314
500
51190
500
51082
500
50982
500
50850
500
50730
700
50606
700
50362
700
50214
600
50086
700
49958
700
49806
600
49646
700
49642
600
49466
700
49462
700
49270
700
49190
700
49094
700
49018
600
48994
700
48902
700
48810
600
48798
600
48746
600
48678
600
48618
600
48550
600
48490
600
48422
600
48334
600
48270
600
48202
600
48130
600
48082
600
47862
600
47750
600
47666
400
47494
400
47378
600
47302
400
47182
600
47122
400
47014
600
46918
400
46798
600
46734
400
46630
600
46522
400
46406
600
46338
400
46226
600
46122
600
46030
600
45898
800
45766
600
45634
800
45582
600
45482
800
45358
600
45262
800
45190
600
45094
800
45010
600
44938
800
44846
600
44782
800
44674
600
44582
800
44522
400
44394
600
44274
400
44198
600
44086
400
44038
600
43938
400
43878
600
43782
400
43686
600
43634
400
43526
600
43458
400
43370
600
43270
400
43174
600
43074
400
42982
600
42950
600
42834
800
42730
600
42634
800
42542
600
42470
800
42378
600
42282
800
42190
600
42094
800
41998
600
41934
800
41870
600
41766
800
41670
600
41582
800
41522
500
41314
700
41178
500
41002
500
40878
700
40774
500
40646
700
40578
500
40466
700
40358
500
40262
700
40154
500
40050
700
39962
500
39802
600
39694
500
39586
500
39474
500
39418
600
39334
500
39218
500
39110
500
39046
600
38950
600
38886
500
38790
500
38694
500
38570
500
38470
500
38354
700
38258
700
38150
700
38054
600
37958
600
37902
700
37798
600
37678
600
37570
700
37446
600
37358
700
37262
600
37154
700
37050
600
36934
600
36850
500
36710
500
36614
600
36510
500
36418
500
36362
600
36246
500
36130
500
36034
600
35950
500
35846
600
35750
500
35666
600
35598
700
35478
600
35374
500
35302
700
35142
600
34690
500
34374
600
33978
700
33606
600
33222
500
32814
600
32434
700
32066
600
31706
500
31258
600
30898
700
30450
600
30118
500
29734
600
29350
700
28998
700
28838
600
28678
700
28498
700
28294
700
28078
700
27942
600
27822
700
27674
700
27566
600
27474
700
27314
600
27154
700
26962
700
26758
700
26566
700
26418
700
26298
600
26178
700
26074
600
25950
600
25810
600
25634
700
25542
700
25410
600
25398
600
25254
700
25250
700
25062
600
25050
700
24902
600
24878
600
24770
700
24766
600
24678
700
24674
700
24582
600
24574
700
24474
600
24462
600
24286
600
24226
600
24166
600
24114
600
24046
600
23982
600
23918
600
23862
600
23790
600
23738
600
23674
600
23634
600
23570
500
23474
600
23358
500
23270
600
23186
500
23090
400
22918
600
22822
400
22710
600
22606
400
22562
600
22470
400
22418
600
22322
400
22226
600
22170
400
22066
600
22010
600
21902
700
21818
600
21690
700
21586
600
21490
500
21362
600
21274
700
21174
700
21050
600
20978
500
20854
600
20758
700
20642
600
20526
500
20410
600
20306
700
20242
600
20146
500
20034
600
19954
500
19894
600
19714
800
19594
600
19518
800
19454
600
19362
800
19222
600
19110
600
18954
800
18866
600
18770
800
18706
600
18594
800
18498
500
18290
500
18174
600
18138
700
18046
600
17958
500
17838
600
17758
700
17690
600
17582
500
17498
600
17374
500
17134
500
17042
500
16958
400
16750
600
16634
400
16422
600
16282
400
16174
600
16062
400
16018
600
15898
400
15774
400
15698
400
15634
600
15518
400
15422
600
15346
600
15206
700
15098
600
14970
500
14882
600
14758
700
14658
600
14546
500
14470
600
14354
700
14258
600
14138
500
14078
600
13970
700
13882
600
13666
800
13534
600
13394
800
13314
600
13234
800
13106
600
13086
800
12978
600
12898
800
12818
600
12770
800
12690
600
12594
800
12514
600
12422
800
12362
500
12162
600
12038
700
11970
600
11842
500
11810
600
11686
700
11614
500
11490
600
11398
500
11298
600
11258
700
11154
600
11062
500
11022
600
10926
700
10862
600
10762
500
10702
700
10578
600
10278
500
9950
600
9826
700
9654
600
9474
700
9390
600
9290
700
9226
500
9122
600
8898
700
8706
600
8514
700
8318
600
8114
700
7934
600
7862
600
7690
500
7554
600
7374
700
7202
500
6990
600
6794
700
6606
500
6382
600
6306
600
6178
500
6130
500
6006
600
5842
700
5646
600
5442
700
5250
500
4990
600
4910
700
4834
600
4738
700
4594
