600
77566
700
65774
700
65574
700
65466
700
65374
700
65170
700
64990
700
64786
700
64678
700
64590
700
64402
700
64218
700
64026
700
63942
700
63838
700
63642
700
63454
700
63262
700
63166
700
63078
500
62878
700
62706
700
62502
700
62414
700
62334
700
62218
700
62110
500
62102
500
62014
700
62010
500
61938
700
61926
500
61862
700
61842
700
61694
700
61598
700
61530
700
61438
700
61362
500
61298
700
61266
700
61190
700
61118
500
61094
700
61030
700
60946
500
60894
700
60870
700
60798
500
60786
700
60722
700
60626
700
60522
500
60478
700
60446
700
60350
700
60274
700
60166
500
60134
700
60062
700
59910
700
59710
700
59558
700
59454
500
59402
600
59314
500
59186
500
59026
500
58834
600
58642
500
58546
600
58450
700
58266
600
58054
500
57862
500
57778
600
57682
600
57478
600
57278
500
57106
600
57022
500
56946
700
56754
700
56542
700
56338
600
56254
500
56158
500
55962
500
55762
600
55570
700
55486
600
55378
500
55198
500
54994
600
54782
500
54698
600
54598
500
54418
600
54226
700
54046
600
53950
500
53850
600
53662
700
53466
700
53318
700
53190
700
53094
600
52882
600
52678
600
52530
600
52414
600
52294
600
52210
800
52102
800
51922
800
51762
800
51602
800
51378
800
51162
800
51014
800
50846
800
50746
400
50578
400
50390
400
50246
400
50126
400
50026
400
49810
400
49618
400
49446
400
49318
400
49214
400
49118
700
49002
600
48866
600
48706
600
48642
600
48586
600
48530
600
48478
600
48422
600
48370
600
48318
600
48262
600
48202
600
48158
500
48110
600
47950
500
47874
600
47778
500
47682
600
47598
500
47490
500
47418
600
47318
500
47234
600
47190
500
47086
700
47026
500
46934
600
46850
500
46802
600
46698
500
46654
600
46550
500
46446
500
46366
500
46262
500
46190
600
46094
500
46062
700
45966
700
45866
700
45774
700
45678
700
45634
600
45514
600
45410
600
45298
600
45242
600
45134
600
44994
600
44898
600
44846
600
44742
600
44642
600
44542
600
44486
500
44402
500
44322
500
44226
500
44138
500
44098
500
43998
500
43874
500
43778
500
43718
500
43610
500
43534
500
43458
500
43362
500
43302
500
43222
500
43118
500
42990
600
42882
600
42790
600
42698
600
42598
600
42538
600
42446
600
42390
600
42298
600
42218
600
42158
600
42062
600
41998
600
41910
600
41826
600
41774
600
41678
600
41582
600
41486
700
41354
700
41242
700
41142
700
41046
700
40994
700
40890
700
40842
700
40758
700
40662
700
40610
700
40514
700
40462
700
40366
700
40278
700
40226
700
40118
700
40014
700
39894
600
39786
500
39678
600
39586
600
39502
500
39374
600
39266
500
39138
500
39078
600
38966
500
38858
600
38754
500
38702
600
38606
500
38490
600
38378
700
38242
700
38146
700
38062
600
37966
600
37898
600
37802
600
37706
500
37614
500
37550
500
37442
500
37354
600
37230
500
37154
600
37054
500
36958
600
36870
700
36738
700
36642
700
36554
600
36442
600
36378
600
36290
600
36206
600
36098
500
36022
500
35890
500
35794
500
35694
600
35606
600
35510
600
35414
600
35330
400
35190
400
34998
600
34786
400
34390
600
34006
400
33630
400
33214
600
32738
600
32302
400
31926
400
31502
400
31070
400
30658
600
30334
600
29878
400
29422
600
29006
600
28854
600
28718
600
28562
600
28354
600
28162
600
27982
600
27866
600
27754
400
27714
600
27606
600
27522
600
27342
600
27202
600
27074
400
26954
600
26950
600
26766
600
26582
600
26414
600
26286
600
26178
600
26094
400
26018
600
25866
600
25674
600
25546
600
25430
400
25238
600
25042
600
24878
600
24750
600
24642
400
24534
600
24442
800
24290
600
24142
800
24054
600
23946
800
23870
600
23778
800
23694
600
23606
600
23486
600
23298
600
23202
600
23114
500
22934
600
22850
700
22754
600
22646
500
22594
600
22498
500
22398
600
22294
700
22230
600
22106
600
21998
600
21910
500
21846
600
21742
500
21646
600
21562
500
21506
600
21462
700
21366
600
21282
500
21198
500
21094
500
21038
600
20950
700
20854
600
20746
500
20674
500
20470
500
20386
600
20278
500
20186
500
20086
600
19970
500
19886
700
19790
600
19694
500
19566
500
19502
600
19394
700
19278
600
19178
500
19118
500
19002
500
18902
600
18798
500
18722
600
18614
600
18518
700
18434
600
18370
500
18274
500
18178
400
18026
400
17962
600
17858
400
17738
400
17634
400
17578
600
17482
400
17366
600
17262
600
17198
400
17102
600
16986
400
16902
800
16742
800
16634
800
16558
600
16474
600
16418
600
16354
800
16262
600
16174
800
16094
600
15926
600
15810
800
15714
600
15638
800
15530
600
15438
600
15362
400
15206
400
15106
600
14978
400
14690
600
14594
600
14530
600
14402
400
14350
400
14210
400
14134
600
14026
400
13902
600
13774
600
13666
400
13518
600
13422
600
13346
600
13258
400
13146
600
13050
600
12990
400
12898
400
12834
600
12746
400
12654
400
12586
600
12490
600
12398
600
12322
800
12222
600
12098
600
12002
600
11894
600
11822
600
11734
600
11670
800
11586
600
11482
600
11426
600
11342
800
11242
600
11138
600
11074
800
10978
600
10882
600
10798
600
10734
400
10622
400
10442
600
10242
500
9846
600
9678
700
9474
600
9390
500
9166
500
8962
600
8758
700
8558
600
8334
500
8130
600
7978
500
7898
600
7802
500
7726
500
7594
600
7374
700
7182
600
7010
500
6798
600
6510
700
6410
600
6326
700
6222
500
6050
600
5870
500
5666
600
5474
700
5262
500
4982
600
4898
500
4802
600
4706
