600
13706
500
12458
400
12038
400
11842
600
11702
400
11158
600
11054
400
10978
600
10898
800
10646
600
10466
600
10082
600
9990
800
9866
600
9782
800
9698
500
9450
600
9342
700
9254
500
9138
600
8978
600
8902
700
8834
700
8662
700
8586
700
8466
700
8394
400
8226
600
8130
400
8038
600
7978
400
7886
600
7822
600
7686
800
7622
600
7518
800
7458
600
7366
800
7302
600
7218
600
7106
800
7022
600
6934
800
6866
600
6786
800
6722
600
6630
800
6566
600
6494
400
6354
400
6250
400
6158
400
6082
600
6006
400
5922
600
5826
400
5738
400
5646
600
5570
600
5474
400
5386
600
4998
600
4946
800
4842
600
4054
800
3946
800
3854
800
3702
500
3490
500
3394
600
3310
700
3214
500
3126
600
3022
600
2934
700
2850
500
2754
600
2666
500
2614
700
2582
500
2438
600
2410
700
2390
500
2290
600
2274
700
2246
500
2178
600
2142
700
2138
500
2050
600
2026
500
1918
700
1902
600
1890
500
1798
600
1790
700
1786
600
1686
500
1594
600
1538
700
1474
600
1390
500
1306
600
1250
