600
37210
600
36254
700
36182
600
36114
600
35958
700
35834
500
35322
600
35230
700
35170
600
35098
500
35030
500
34946
500
34894
600
34798
600
34714
700
34670
600
34590
500
34522
500
34446
500
34382
500
34330
600
34286
600
34202
700
34150
600
34098
500
34010
500
33938
500
33878
600
33838
700
33690
600
33614
500
33550
500
33470
500
33422
600
33378
700
33270
600
33206
500
33130
500
33066
600
33022
700
32930
600
32854
500
32770
600
32718
700
32618
600
32566
500
32494
500
32430
600
32374
600
32294
500
32238
600
32174
500
32110
400
32022
400
31946
600
31834
400
31726
600
31662
400
31414
400
31326
400
31274
600
31214
400
31006
400
30838
400
30742
600
30382
600
30274
600
30230
800
30118
600
30006
800
29902
600
29818
600
29454
600
29314
800
29218
600
29110
800
29058
600
28994
400
28878
600
28842
600
28646
500
28590
600
28518
700
28462
600
28378
500
28310
600
28206
700
28106
600
28046
500
27962
600
27878
700
27810
600
27730
500
27662
500
27598
600
27550
700
27474
600
27402
500
27342
500
27266
600
27214
700
27142
600
26990
600
26890
600
26838
500
26638
500
26478
500
26330
500
26210
600
26098
500
25998
600
25754
700
25602
700
25530
700
25474
500
25326
500
25230
500
25122
500
25070
600
24918
600
24822
600
24714
600
24654
500
24538
500
24438
500
24362
500
24254
600
24214
500
24130
500
23986
600
23930
700
23850
600
23794
500
23722
600
23646
700
23562
600
23502
500
23418
500
23338
600
23306
700
23246
600
23154
500
23082
500
23010
600
22954
700
22910
600
22830
500
22750
500
22678
600
22642
700
22582
600
22510
500
22434
600
22326
700
22222
600
22146
500
22078
500
21994
600
21934
700
21870
600
21786
400
21694
400
21622
600
21422
600
21306
600
21262
400
21050
600
20890
400
20790
400
20598
400
20510
400
20462
600
20326
400
20142
400
20078
400
20010
600
19806
600
19662
600
19578
400
19414
400
19318
500
19190
500
18974
500
18778
500
18586
500
18398
500
18186
500
17998
500
17810
600
17598
800
17514
600
17386
600
17246
600
17134
600
17042
800
16898
600
16778
800
16730
600
16666
800
16618
600
16506
600
16398
600
16246
700
15990
600
15918
500
15838
500
15694
500
15598
500
15478
600
15426
500
15294
600
15162
600
15094
600
15038
500
14914
600
14798
600
14702
600
14638
500
14574
700
14466
600
14382
500
14298
600
14242
700
14190
600
14102
500
14042
500
13974
600
13934
700
13874
600
13806
500
13750
500
13678
600
13626
500
13550
500
13474
600
13422
500
13358
600
13302
500
13262
700
13174
600
13078
500
13018
500
12950
600
12910
500
12834
600
12786
600
12702
600
12558
500
12398
600
12282
500
12086
600
11958
600
11890
600
11842
500
11718
600
11590
700
11202
700
11138
700
11086
600
10934
500
10806
600
10710
600
10646
600
10550
500
10382
500
10318
500
10258
600
10130
500
10010
600
9878
600
9810
500
9714
600
9614
600
9550
700
9494
600
9418
500
9354
600
9262
600
9174
700
9114
600
9046
500
8974
500
8910
600
8862
600
8802
700
8750
600
8670
500
8598
500
8542
600
8494
600
8430
700
8366
600
8298
500
8234
600
8174
600
8106
700
7998
600
7798
600
7706
600
7662
600
7306
600
7246
600
7194
700
6978
700
6894
700
6822
500
6606
500
6478
500
6366
400
6158
400
6074
400
6026
600
5710
600
5642
600
5590
400
5422
600
5302
400
5238
600
5018
700
4790
700
4570
600
4374
600
4174
500
3974
500
3766
500
3574
500
3358
