600.000000
49266.000000
500.000000
48646.000000
500.000000
48478.000000
500.000000
48318.000000
500.000000
48142.000000
500.000000
47966.000000
500.000000
47790.000000
500.000000
47614.000000
500.000000
47422.000000
500.000000
47250.000000
500.000000
47078.000000
500.000000
46910.000000
500.000000
46726.000000
500.000000
46558.000000
500.000000
46386.000000
500.000000
46206.000000
500.000000
46046.000000
500.000000
45814.000000
500.000000
45662.000000
500.000000
45490.000000
500.000000
45314.000000
500.000000
45150.000000
500.000000
44978.000000
500.000000
44798.000000
500.000000
44646.000000
500.000000
44466.000000
500.000000
44294.000000
500.000000
44126.000000
500.000000
43934.000000
500.000000
43750.000000
500.000000
43582.000000
500.000000
43422.000000
700.000000
43418.000000
500.000000
43250.000000
500.000000
43078.000000
500.000000
42910.000000
500.000000
42738.000000
500.000000
42558.000000
500.000000
42378.000000
500.000000
42222.000000
500.000000
42042.000000
500.000000
41870.000000
500.000000
41690.000000
500.000000
41518.000000
500.000000
41326.000000
500.000000
41058.000000
500.000000
40910.000000
500.000000
40738.000000
500.000000
40566.000000
500.000000
40386.000000
500.000000
40258.000000
800.000000
40090.000000
600.000000
39990.000000
500.000000
39662.000000
500.000000
39490.000000
500.000000
39330.000000
800.000000
39162.000000
600.000000
39082.000000
500.000000
38946.000000
500.000000
38810.000000
500.000000
38614.000000
500.000000
38458.000000
500.000000
38306.000000
500.000000
38134.000000
500.000000
37934.000000
800.000000
37794.000000
600.000000
37694.000000
500.000000
37474.000000
500.000000
37334.000000
500.000000
37174.000000
800.000000
37038.000000
600.000000
36946.000000
500.000000
36782.000000
500.000000
36622.000000
400.000000
36450.000000
500.000000
35566.000000
500.000000
35394.000000
500.000000
35226.000000
500.000000
35066.000000
500.000000
34902.000000
500.000000
34754.000000
500.000000
34574.000000
500.000000
34390.000000
800.000000
34286.000000
600.000000
34178.000000
500.000000
34030.000000
500.000000
33838.000000
500.000000
33690.000000
800.000000
33518.000000
600.000000
33422.000000
500.000000
33262.000000
500.000000
33078.000000
500.000000
32910.000000
500.000000
32730.000000
500.000000
32470.000000
500.000000
32282.000000
500.000000
32118.000000
800.000000
31982.000000
600.000000
31930.000000
500.000000
31738.000000
500.000000
31578.000000
500.000000
31386.000000
800.000000
31258.000000
600.000000
31178.000000
500.000000
31010.000000
500.000000
30862.000000
500.000000
30734.000000
800.000000
30594.000000
600.000000
30538.000000
500.000000
30366.000000
500.000000
30198.000000
500.000000
29994.000000
500.000000
29826.000000
500.000000
29582.000000
500.000000
29402.000000
500.000000
29262.000000
500.000000
28994.000000
500.000000
28846.000000
500.000000
27310.000000
500.000000
26938.000000
400.000000
26298.000000
500.000000
25870.000000
400.000000
24570.000000
500.000000
23466.000000
500.000000
22902.000000
500.000000
21366.000000
500.000000
20694.000000
700.000000
20218.000000
500.000000
19262.000000
600.000000
18842.000000
400.000000
18286.000000
500.000000
17486.000000
600.000000
17418.000000
500.000000
17354.000000
600.000000
17310.000000
500.000000
17242.000000
600.000000
17202.000000
500.000000
16778.000000
600.000000
16710.000000
500.000000
16638.000000
600.000000
16594.000000
500.000000
16530.000000
600.000000
16490.000000
500.000000
16138.000000
500.000000
16086.000000
700.000000
15870.000000
700.000000
15774.000000
600.000000
15450.000000
600.000000
15386.000000
500.000000
14610.000000
600.000000
14554.000000
500.000000
14494.000000
600.000000
14430.000000
500.000000
14378.000000
600.000000
14334.000000
800.000000
13606.000000
600.000000
13406.000000
600.000000
13306.000000
800.000000
12990.000000
800.000000
12810.000000
500.000000
12110.000000
500.000000
11954.000000
500.000000
11778.000000
500.000000
11626.000000
500.000000
11426.000000
400.000000
11274.000000
400.000000
11098.000000
800.000000
10826.000000
600.000000
10710.000000
500.000000
10526.000000
500.000000
10330.000000
500.000000
10162.000000
500.000000
9898.000000
500.000000
9710.000000
500.000000
9518.000000
600.000000
9386.000000
800.000000
9182.000000
600.000000
8998.000000
600.000000
8810.000000
600.000000
8714.000000
400.000000
8270.000000
400.000000
8154.000000
400.000000
8074.000000
700.000000
7978.000000
600.000000
7618.000000
600.000000
7562.000000
800.000000
7358.000000
800.000000
7258.000000
800.000000
7158.000000
400.000000
6506.000000
400.000000
6350.000000
400.000000
6174.000000
400.000000
5950.000000
600.000000
5878.000000
500.000000
5574.000000
400.000000
5438.000000
600.000000
5298.000000
800.000000
5202.000000
800.000000
4982.000000
800.000000
4786.000000
800.000000
4606.000000
800.000000
4422.000000
600.000000
4242.000000
600.000000
4058.000000
600.000000
3870.000000
500.000000
3722.000000
500.000000
3538.000000
500.000000
3346.000000
500.000000
3154.000000
500.000000
3062.000000
500.000000
2806.000000
800.000000
2614.000000
600.000000
2506.000000
600.000000
2354.000000
500.000000
2042.000000
500.000000
1942.000000
800.000000
1714.000000
800.000000
1522.000000
