600.000000
15234.000000
500.000000
14804.000000
0.000000
0.000000
0.000000
0.000000
0.000000
0.000000
0.000000
0.000000
0.000000
0.000000
0.000000
0.000000
500.000000
13942.000000
500.000000
13852.000000
0.000000
0.000000
0.000000
0.000000
0.000000
0.000000
500.000000
13276.000000
0.000000
0.000000
0.000000
0.000000
0.000000
0.000000
0.000000
0.000000
500.000000
12876.000000
500.000000
12796.000000
500.000000
12732.000000
0.000000
0.000000
0.000000
0.000000
0.000000
0.000000
0.000000
0.000000
0.000000
0.000000
0.000000
0.000000
0.000000
0.000000
0.000000
0.000000
0.000000
0.000000
0.000000
0.000000
0.000000
0.000000
0.000000
0.000000
500.000000
11676.000000
0.000000
0.000000
500.000000
11612.000000
0.000000
0.000000
500.000000
11548.000000
0.000000
0.000000
500.000000
11478.000000
0.000000
0.000000
0.000000
0.000000
0.000000
0.000000
0.000000
0.000000
0.000000
0.000000
400.000000
11044.000000
0.000000
0.000000
500.000000
10958.000000
500.000000
10820.000000
500.000000
10766.000000
0.000000
0.000000
0.000000
0.000000
400.000000
10604.000000
0.000000
0.000000
0.000000
0.000000
0.000000
0.000000
0.000000
0.000000
500.000000
10270.000000
0.000000
0.000000
500.000000
10180.000000
0.000000
0.000000
500.000000
10126.000000
0.000000
0.000000
500.000000
10064.000000
0.000000
0.000000
500.000000
10010.000000
0.000000
0.000000
500.000000
9952.000000
0.000000
0.000000
0.000000
0.000000
0.000000
0.000000
0.000000
0.000000
0.000000
0.000000
0.000000
0.000000
0.000000
0.000000
0.000000
0.000000
0.000000
0.000000
0.000000
0.000000
0.000000
0.000000
0.000000
0.000000
0.000000
0.000000
0.000000
0.000000
500.000000
9002.000000
500.000000
8922.000000
500.000000
8874.000000
500.000000
8844.000000
500.000000
8764.000000
500.000000
8714.000000
500.000000
8666.000000
500.000000
8594.000000
0.000000
0.000000
0.000000
0.000000
0.000000
0.000000
0.000000
0.000000
500.000000
8094.000000
0.000000
0.000000
0.000000
0.000000
500.000000
7812.000000
0.000000
0.000000
0.000000
0.000000
0.000000
0.000000
500.000000
7692.000000
0.000000
0.000000
500.000000
7620.000000
0.000000
0.000000
0.000000
0.000000
500.000000
7552.000000
0.000000
0.000000
0.000000
0.000000
500.000000
7482.000000
0.000000
0.000000
0.000000
0.000000
0.000000
0.000000
0.000000
0.000000
500.000000
7406.000000
500.000000
7272.000000
0.000000
0.000000
500.000000
7178.000000
0.000000
0.000000
500.000000
7108.000000
0.000000
0.000000
0.000000
0.000000
500.000000
7038.000000
0.000000
0.000000
0.000000
0.000000
0.000000
0.000000
0.000000
0.000000
0.000000
0.000000
0.000000
0.000000
0.000000
0.000000
0.000000
0.000000
0.000000
0.000000
0.000000
0.000000
0.000000
0.000000
0.000000
0.000000
0.000000
0.000000
0.000000
0.000000
0.000000
0.000000
0.000000
0.000000
0.000000
0.000000
0.000000
0.000000
500.000000
6396.000000
0.000000
0.000000
500.000000
6328.000000
0.000000
0.000000
500.000000
6260.000000
0.000000
0.000000
500.000000
6206.000000
0.000000
0.000000
0.000000
0.000000
500.000000
6170.000000
500.000000
6126.000000
0.000000
0.000000
500.000000
6098.000000
0.000000
0.000000
0.000000
0.000000
