600.000000
13054.000000
400.000000
12218.000000
400.000000
12118.000000
400.000000
12024.000000
400.000000
11924.000000
400.000000
11822.000000
400.000000
11724.000000
400.000000
11624.000000
400.000000
11528.000000
400.000000
11428.000000
400.000000
11328.000000
400.000000
11232.000000
400.000000
11134.000000
400.000000
11032.000000
400.000000
10936.000000
400.000000
10836.000000
400.000000
10734.000000
400.000000
10638.000000
400.000000
10534.000000
400.000000
10434.000000
400.000000
10338.000000
400.000000
10238.000000
400.000000
10142.000000
400.000000
10040.000000
400.000000
9936.000000
400.000000
9838.000000
400.000000
9738.000000
400.000000
9634.000000
400.000000
9530.000000
400.000000
9436.000000
400.000000
9336.000000
400.000000
9234.000000
400.000000
9130.000000
400.000000
9024.000000
400.000000
8920.000000
400.000000
8818.000000
400.000000
8716.000000
400.000000
8622.000000
400.000000
8522.000000
400.000000
8426.000000
400.000000
8320.000000
400.000000
8218.000000
400.000000
8118.000000
400.000000
8020.000000
400.000000
7924.000000
400.000000
7824.000000
400.000000
7724.000000
400.000000
7630.000000
400.000000
7522.000000
400.000000
7424.000000
400.000000
7328.000000
400.000000
7226.000000
400.000000
7130.000000
400.000000
7024.000000
400.000000
6924.000000
400.000000
6824.000000
400.000000
6728.000000
400.000000
6624.000000
400.000000
6520.000000
400.000000
6424.000000
400.000000
6316.000000
400.000000
6226.000000
400.000000
6126.000000
400.000000
6024.000000
400.000000
5922.000000
400.000000
5820.000000
400.000000
5722.000000
400.000000
5624.000000
400.000000
5526.000000
400.000000
5422.000000
400.000000
5326.000000
400.000000
5230.000000
400.000000
5118.000000
400.000000
5018.000000
400.000000
4914.000000
400.000000
4812.000000
400.000000
4718.000000
400.000000
4622.000000
400.000000
4524.000000
400.000000
4428.000000
400.000000
4324.000000
400.000000
4226.000000
400.000000
4124.000000
400.000000
4020.000000
400.000000
3922.000000
400.000000
3826.000000
400.000000
3722.000000
400.000000
3624.000000
400.000000
3524.000000
400.000000
3420.000000
400.000000
3330.000000
400.000000
3218.000000
400.000000
3118.000000
400.000000
3022.000000
400.000000
2922.000000
400.000000
2826.000000
400.000000
2730.000000
400.000000
2626.000000
400.000000
2526.000000
400.000000
2426.000000
400.000000
2322.000000
400.000000
2232.000000
400.000000
2132.000000
400.000000
2026.000000
400.000000
1920.000000
400.000000
1818.000000
400.000000
1720.000000
400.000000
1618.000000
400.000000
1512.000000
400.000000
1412.000000
400.000000
1312.000000
400.000000
1204.000000
400.000000
1108.000000
400.000000
1014.000000
400.000000
918.000000
400.000000
806.000000
400.000000
706.000000
