600
26162
500
23930
600
22482
600
21522
600
20886
600
20090
600
19838
600
19646
600
19558
600
19454
600
19294
400
19078
800
18874
400
18666
800
18482
400
18278
800
18090
400
17894
800
17714
400
17518
800
17322
400
17106
800
16926
400
16718
800
16538
400
16358
600
16190
600
16110
400
15570
400
15350
800
15166
400
14978
800
14778
400
14610
800
14422
400
14222
800
14030
400
13850
800
13646
400
13434
800
13262
600
13098
600
13010
400
12882
800
12690
400
12474
800
12286
400
12090
800
11902
400
11718
800
11526
400
11318
800
11122
400
10922
800
10746
400
10558
800
10366
400
10162
600
9938
600
9854
700
9746
500
9590
800
9374
400
9182
800
8974
400
8786
800
8610
400
8434
800
8230
400
8038
800
7842
400
7634
700
7438
400
7262
700
7062
600
6718
400
6510
800
6310
400
6066
500
5902
600
5694
600
5550
700
5338
600
5134
500
4926
600
4742
600
4566
600
4398
600
4314
600
4170
600
4078
500
3962
600
3770
700
3610
600
3414
600
3246
600
3042
500
2926
600
2814
700
2638
600
2446
500
2262
600
2038
700
1858
600
1678
500
1486
600
1254
700
1066
700
970
700
878